8 8
9 1 8 6
9 7 2 8
1 1 8 7
1 7 7 3
0 2 10 8
2 5 9 0
10 8 0 0
3 6 1 1
7 1 2 7
3 2 7 0
0 4 3 5
0 5 10 0
8 6 8 3
1 1 7 6
8 2 0 2
1 5 7 4
4 2 0 0
0 5 6 1
6 0 8 1
5 8 4 0
4 10 1 1
3 4 10 1
0 6 4 10
1 2 1 9
10 8 10 3
10 0 8 4
0 4 8 0
2 10 0 7
7 1 1 8
7 1 2 5
0 6 4 2
10 10 2 0
0 10 5 5
9 4 7 9
7 5 3 9
8 10 0 9
10 1 4 0
2 6 5 10
9 5 7 5
1 5 5 1
10 10 5 3
7 10 8 8
7 3 7 4
7 3 2 9
9 1 5 5
6 1 0 10
4 10 10 8
1 5 7 0
3 10 7 8
8 8 2 9
5 7 10 3
5 5 9 10
1 6 2 3
0 2 10 5
2 1 10 10
5 0 8 8
2 5 3 0
5 7 6 0
1 7 3 4
2 4 9 3
7 9 4 0
2 0 1 4
5 4 9 3
5 4 8 7
